[analysisLow, analysisHigh, SynthLow, SynthHigh] = CDF97Filters()

analysisLow     = [0.026748757411, -0.016864118443, -0.078223266529, 0.266864118443, 0.602949018236, 0.266864118443, -0.078223266529, -0.016864118443, 0.026748757411];
analysisHigh    = [0, 0.091271763114, -0.057543526229, -0.591271763114, 1.11508705, -0.591271763114, -0.057543526229, 0.091271763114, 0];
SynthLow        = [0, -0.091271763114, -0.057543526229, 0.591271763114, 1.11508705 , 0.591271763114, -0.057543526229, -0.091271763114,0];
SynthHigh       = [0.026748757411, 0.016864118443, -0.078223266529, -0.266864118443, 0.602949018236, -0.266864118443, -0.078223266529 , 0.016864118443, 0.026748757411];

end